0,1,1,1,0,0,0,0,0,0,0,0,0,0
1,0,1,0,0,0,0,1,0,0,0,0,0,0
1,1,0,0,0,1,0,0,0,0,0,0,0,0
1,0,0,0,1,0,0,0,1,0,0,0,0,0
0,0,0,1,0,1,1,0,0,0,0,0,0,0
0,0,1,0,1,0,0,0,0,1,0,0,1,0
0,0,0,0,1,0,0,1,0,0,0,0,0,0
0,1,0,0,0,0,1,0,0,0,1,0,0,0
0,0,0,1,0,0,0,0,0,0,0,1,0,1
0,0,0,0,0,1,0,0,0,0,1,0,0,0
0,0,0,0,0,0,0,1,0,1,0,1,0,1
0,0,0,0,0,0,0,0,1,0,1,0,1,0
0,0,0,0,0,1,0,0,0,0,0,1,0,1
0,0,0,0,0,0,0,0,1,0,1,0,1,0
0,240,90,180,0,0,0,0,0,0,0,0,0,0
240,0,130,0,0,0,0,260,0,0,0,0,0,0
90,130,0,0,0,300,0,0,0,0,0,0,0,0
180,0,0,0,20,0,0,0,230,0,0,0,0,0
0,0,0,200,0,190,280,0,0,0,0,0,0,0
0,0,300,0,19,0,0,0,0,120,0,0,270,0
0,0,0,0,280,0,0,130,0,0,0,0,0,0
0,26,0,0,0,0,130,0,0,0,70,0,0,0
0,0,0,230,0,0,0,0,0,0,0,70,0,8
0,0,0,0,0,120,0,0,0,0,210,0,0,0
0,0,0,0,0,0,0,70,0,210,0,60,0,140
0,0,0,0,0,0,0,0,70,0,60,0,80,0
0,0,0,0,0,270,0,0,0,0,0,8,0,70
0,0,0,0,0,0,0,0,80,0,140,0,70,0
209,0,0,0,0,0,0,0,0,0,0,0,0,0
0,103,0,0,0,0,0,0,0,0,0,0,0,0
0,0,202,0,0,0,0,0,0,0,0,0,0,0
0,0,0,109,0,0,0,0,0,0,0,0,0,0
0,0,0,0,207,0,0,0,0,0,0,0,0,0
0,0,0,0,0,300,0,0,0,0,0,0,0,0
0,0,0,0,0,0,80,0,0,0,0,0,0,0
0,0,0,0,0,0,0,207,0,0,0,0,0,0
0,0,0,0,0,0,0,0,104,0,0,0,0,0
0,0,0,0,0,0,0,0,0,304,0,0,0,0
0,0,0,0,0,0,0,0,0,0,101,0,0,0
0,0,0,0,0,0,0,0,0,0,0,209,0,0
0,0,0,0,0,0,0,0,0,0,0,0,60,0
0,0,0,0,0,0,0,0,0,0,0,0,0,201
0,6
6,3
1,4
5,1
6,7
7,5
1,0
6,3
7,6
0,1
0,1
0,4
3,4
7,1
