0,1,1,1,0,0,0,0,0,0,0,0,0,0
1,0,1,0,0,0,0,1,0,0,0,0,0,0
1,1,0,0,0,1,0,0,0,0,0,0,0,0
1,0,0,0,1,0,0,0,1,0,0,0,0,0
0,0,0,1,0,1,1,0,0,0,0,0,0,0
0,0,1,0,1,0,0,0,0,1,0,0,1,0
0,0,0,0,1,0,0,1,0,0,0,0,0,0
0,1,0,0,0,0,1,0,0,0,1,0,0,0
0,0,0,1,0,0,0,0,0,0,0,1,0,1
0,0,0,0,0,1,0,0,0,0,1,0,0,0
0,0,0,0,0,0,0,1,0,1,0,1,0,1
0,0,0,0,0,0,0,0,1,0,1,0,1,0
0,0,0,0,0,1,0,0,0,0,0,1,0,1
0,0,0,0,0,0,0,0,1,0,1,0,1,0
0,500,500,500,0,0,0,0,0,0,0,0,0,0
500,0,500,0,0,0,0,500,0,0,0,0,0,0
500,500,0,0,0,500,0,0,0,0,0,0,0,0
500,0,0,0,500,0,0,0,500,0,0,0,0,0
0,0,0,500,0,500,500,0,0,0,0,0,0,0
0,0,500,0,500,0,0,0,0,500,0,0,500,0
0,0,0,0,500,0,0,500,0,0,0,0,0,0
0,500,0,0,0,0,500,0,0,0,500,0,0,0
0,0,0,500,0,0,0,0,0,0,0,500,0,500
0,0,0,0,0,500,0,0,0,0,500,0,0,0
0,0,0,0,0,0,0,500,0,500,0,500,0,500
0,0,0,0,0,0,0,0,500,0,500,0,500,0
0,0,0,0,0,500,0,0,0,0,0,500,0,500
0,0,0,0,0,0,0,0,500,0,500,0,500,0
500,0,0,0,0,0,0,0,0,0,0,0,0,0
0,500,0,0,0,0,0,0,0,0,0,0,0,0
0,0,500,0,0,0,0,0,0,0,0,0,0,0
0,0,0,500,0,0,0,0,0,0,0,0,0,0
0,0,0,0,500,0,0,0,0,0,0,0,0,0
0,0,0,0,0,500,0,0,0,0,0,0,0,0
0,0,0,0,0,0,500,0,0,0,0,0,0,0
0,0,0,0,0,0,0,500,0,0,0,0,0,0
0,0,0,0,0,0,0,0,500,0,0,0,0,0
0,0,0,0,0,0,0,0,0,500,0,0,0,0
0,0,0,0,0,0,0,0,0,0,500,0,0,0
0,0,0,0,0,0,0,0,0,0,0,500,0,0
0,0,0,0,0,0,0,0,0,0,0,0,500,0
0,0,0,0,0,0,0,0,0,0,0,0,0,500
0,6
6,3
1,4
5,1
6,7
7,5
1,0
6,3
7,6
0,1
0,1
0,4
3,4
7,1
