0	11	6	10	0	0	0	0	0	0	0	0	0	0
11	0	16	0	0	0	0	28	0	0	0	0	0	0
6	16	0	0	0	20	0	0	0	0	0	0	0	0
10	0	0	0	6	0	0	0	24	0	0	0	0	0
0	0	0	6	0	11	8	0	0	0	0	0	0	0
0	0	20	0	11	0	0	0	0	12	0	0	20	0
0	0	0	0	8	0	0	7	0	0	0	0	0	0
0	28	0	0	0	0	7	0	0	0	7	0	0	0
0	0	0	24	0	0	0	0	0	0	0	8	0	8
0	0	0	0	0	12	0	0	0	0	9	0	0	0
0	0	0	0	0	0	0	7	0	9	0	5	0	5
0	0	0	0	0	0	0	0	8	0	5	0	3	0
0	0	0	0	0	20	0	0	0	0	0	3	0	3
0	0	0	0	0	0	0	0	8	0	5	0	3	0

0	25	21	20	0	0	0	0	0	0	0	0	0	0
17	0	18	0	0	0	0	18	0	0	0	0	0	0
26	16	0	0	0	18	0	0	0	0	0	0	0	0
21	0	0	0	16	0	0	0	27	0	0	0	0	0
0	0	0	24	0	15	24	0	0	0	0	0	0	0
0	0	27	0	18	0	0	0	0	19	0	0	16	0
0	0	0	0	19	0	0	24	0	0	0	0	0	0
0	20	0	0	0	0	28	0	0	0	28	0	0	0
0	0	0	24	0	0	0	0	0	0	0	20	0	23
0	0	0	0	0	26	0	0	0	0	16	0	0	0
0	0	0	0	0	0	0	17	0	27	0	19	0	28
0	0	0	0	0	0	0	0	23	0	24	0	26	0
0	0	0	0	0	28	0	0	0	0	0	29	0	17
0	0	0	0	0	0	0	0	19	0	23	0	23	0

6
11
10
11
8
7
5
11
11
5
12
10
9
8

